1164.126009
876.352000
856.072000
759.040000
733.106009
708.160000
676.444000
666.748000
644.920000
639.143991
619.192000
617.764000
605.704000
602.625011
602.408000
597.040000
591.856000
580.780000
580.384000
565.696000
561.244000
561.208000
560.176000
559.060000
553.984000
552.868000
551.992000
551.836000
547.936000
542.608000
542.416000
542.152000
539.404000
539.368000
533.009002
532.460000
527.104000
525.460000
522.712000
517.492000
515.476000
514.120000
504.736000
502.696000
501.196000
496.024000
496.012000
494.488000
483.856000
480.488000
478.779002
478.384000
477.640000
476.968000
475.348000
475.060000
474.280000
472.648000
468.112000
467.704000
466.280000
465.392000
465.321995
464.464000
462.280000
457.204000
456.128000
454.798005
454.180000
453.496000
452.740000
452.464000
450.448000
448.612000
447.232000
443.464000
442.096000
441.880000
440.168000
438.064000
437.144000
436.192000
434.872000
432.664000
432.592000
431.884000
429.952000
429.616000
428.008000
426.568000
426.056000
425.644000
425.080000
425.008000
424.648000
424.360000
421.948000
421.518005
420.580000
419.402993
419.356000
418.660000
417.796000
416.812000
416.776000
414.832000
413.344000
408.988000
407.656000
406.756000
406.432000
405.856000
405.424000
404.905011
404.512000
403.336000
403.216000
402.232000
400.648000
400.072000
399.810998
398.548000
398.008005
396.776000
396.736000
396.472000
394.936000
394.204000
393.508000
393.136000
392.488000
391.756000
391.444000
391.396000
391.384000
391.048000
390.952000
390.896000
390.760000
390.628000
390.407007
389.572000
389.548000
389.152000
388.948000
388.780000
388.468000
388.144000
387.856000
387.232000
386.572000
385.864000
385.576000
382.192000
381.328000
381.136000
380.219002
380.176000
380.032000
379.816000
379.792000
379.108000
379.072000
378.547007
378.286009
378.172000
377.776000
377.368000
377.176000
377.056000
376.624000
375.880000
375.616000
375.280000
375.052000
375.040000
374.968000
372.916000
371.224000
371.050000
370.600000
370.480000
370.449002
370.360000
368.608000
367.792000
367.760000
367.706009
367.624000
367.384000
364.123991
362.272000
361.840000
361.802993
361.504000
361.432000
361.288000
361.156000
360.652993
359.764000
359.536000
359.008000
357.796000
356.920000
356.716000
355.840000
355.540000
353.966009
353.740000
353.656000
353.181995
353.130000
350.896000
350.896000
350.020000
349.904000
348.664000
348.532993
347.288000
346.756000
346.480000
346.144000
345.952000
345.832000
345.580998
345.267007
344.740000
344.560000
343.984000
343.857007
343.712000
343.096000
342.880000
342.508000
342.424000
342.376000
342.328000
341.501995
341.368000
340.912000
340.773991
340.000000
339.796000
338.848000
338.367007
337.984000
336.640000
336.424000
335.968000
335.092000
334.912000
334.708000
334.000000
333.808000
333.124000
332.056000
331.672000
330.616000
330.532000
330.484000
330.377007
329.848000
328.552000
328.528000
328.261995
327.880000
327.064000
325.888000
325.732000
325.264000
324.784000
324.760000
324.100000
324.016000
323.728000
323.176000
322.410000
322.120000
321.600000
320.884000
319.972000
319.458005
319.444000
318.148000
318.028000
317.944000
317.560000
317.290000
317.056000
316.664000
315.016000
314.932000
314.896000
314.812000
314.296000
313.888000
313.868005
313.324000
313.084000
312.745011
312.052000
311.935011
311.830998
311.608000
311.464000
310.840000
310.300000
310.288000
309.556000
309.412000
309.328000
308.944000
308.849002
308.080000
307.702993
307.504000
307.392000
307.232993
307.048000
305.900998
305.236000
305.216000
305.128000
305.056000
305.056000
304.792000
304.300000
304.240000
304.108000
304.046009
303.808000
303.520000
302.680000
302.648000
302.505011
302.224000
302.008000
301.864000
301.648000
301.192000
300.976000
300.904000
300.448000
299.872000
299.836009
299.440000
299.392000
298.564000
297.824000
296.706009
296.620000
296.344000
296.120000
295.708000
295.228000
295.048000
294.856000
294.664000
294.304000
294.256000
294.223991
294.220000
294.088000
294.016000
294.015011
293.704000
293.476000
293.476000
293.272000
292.384000
292.003991
291.480998
290.512000
290.272000
290.056000
289.864000
289.336000
288.895011
288.450998
288.268000
288.244000
287.510998
287.236000
287.167007
286.996000
286.984000
286.828000
286.768000
286.432000
285.976000
285.952000
285.536000
285.472000
285.112000
284.908000
284.320000
284.224000
283.768000
283.436009
282.484000
282.064000
281.944000
281.368000
281.346009
281.092000
280.948000
280.000000
278.729002
278.620000
277.322993
276.544000
276.412000
276.376000
274.792000
274.168000
273.718005
273.544000
273.472000
273.064000
272.476000
271.768000
271.648000
270.952000
270.400000
270.364000
270.352000
270.184000
269.956009
269.456000
268.755011
267.952000
267.928000
267.832000
267.280000
266.896000
266.884000
266.556009
266.416000
266.248000
265.646009
265.544000
265.372000
264.880000
264.880000
264.706009
264.616000
264.575011
264.549002
263.943991
263.744000
263.632000
262.924000
262.840000
262.648000
262.384000
262.228000
262.223991
262.096000
261.244000
261.052000
260.632000
260.380000
260.380000
260.368000
259.947007
259.756000
259.168005
258.448000
258.410000
258.276009
257.848000
257.812000
257.764000
257.656000
256.970000
256.660000
256.110998
255.823991
255.401995
255.208000
254.952000
254.824000
254.675011
254.512000
254.332000
254.312000
254.282993
254.128000
253.744000
252.816009
252.793991
252.167007
251.896000
251.504000
251.128000
251.070000
251.008000
250.984000
250.744000
250.648000
250.480000
249.964000
249.688000
249.550998
249.400000
248.104000
247.360000
246.896000
246.280000
245.992000
245.504000
245.058005
245.008000
244.979002
244.796009
244.640000
244.636000
244.372000
244.240000
244.012993
243.844000
243.832000
243.124000
243.076000
243.046009
242.800000
242.272000
242.216000
242.212000
242.176000
241.888000
241.600000
241.300000
240.928000
240.750998
240.472000
240.056000
239.885011
239.464000
239.206009
238.919002
238.900000
238.672000
238.060000
237.760000
237.664000
237.532000
237.184000
237.076000
236.296000
235.828000
235.252000
234.660998
234.616000
234.033991
233.228005
232.862993
232.361995
232.100998
232.024000
231.100000
231.064000
230.586009
230.429002
230.015011
229.864000
229.806009
229.720000
228.880000
228.664000
228.500000
228.340000
227.820998
227.080000
226.912000
226.615011
226.576000
226.485011
226.360000
225.640000
225.472000
225.424000
225.028000
224.032000
223.612000
223.132000
222.853991
222.604000
222.352000
221.970000
221.200000
221.056000
220.520000
220.312000
220.192993
219.692993
219.424000
219.148000
219.028000
218.464000
218.380000
216.219002
216.136000
215.696000
215.524000
214.888000
214.768000
214.192000
214.028005
213.832000
213.640000
213.606009
213.232000
211.933991
211.592000
210.628005
210.436000
210.161995
210.158005
210.016000
209.908000
209.332000
209.296000
209.068000
209.020000
208.408000
208.192000
207.886009
207.040000
206.840998
206.776000
206.488000
205.864000
205.816000
205.792000
205.587007
205.216000
205.090000
204.725011
204.176009
203.776000
203.392000
203.079002
202.612000
202.252000
201.725011
201.280000
200.740000
200.680000
200.404000
200.361995
200.210000
200.140000
199.948005
199.720000
199.384000
198.928000
198.459002
196.705011
196.600998
196.528000
196.496009
196.157007
195.928000
195.872993
195.556009
195.455011
195.220000
195.193991
195.148000
195.064000
194.907007
194.884000
194.510998
194.040998
192.952000
192.520000
192.477007
192.317007
191.956000
191.559002
191.008000
190.864000
189.390998
189.160000
188.248000
188.192993
186.352000
185.524000
185.248000
183.856000
183.748000
183.539002
182.896000
182.420000
182.416009
182.341995
182.248000
181.960000
181.120000
181.036009
179.644000
179.202993
178.367007
178.240000
177.868000
177.610000
177.236000
177.040000
176.788000
176.248000
176.224000
175.552000
174.919002
174.892993
174.400998
173.968000
173.788000
172.552000
172.468005
172.128005
172.108000
172.071995
171.152000
171.088000
170.430000
170.378005
169.410998
169.359002
169.120000
168.820000
168.079002
167.896009
167.660998
167.187007
166.690998
166.192000
165.489002
164.891995
164.884000
164.866009
164.627007
163.496000
163.480998
162.567007
162.416000
162.304000
162.148000
162.040000
161.936009
161.032000
161.020000
160.943991
160.816000
160.816000
160.686009
160.111995
159.250000
159.062993
158.570000
158.176000
157.864000
157.852000
157.735011
157.360000
156.006009
155.392000
155.296000
155.104000
154.552000
154.528000
154.077007
153.790000
153.592000
152.980000
152.406009
151.072993
150.640000
149.140000
148.983991
148.240000
147.952000
147.939002
147.832000
147.438005
146.868005
145.756000
145.468000
145.326009
144.868000
144.800000
143.262993
142.960000
142.840000
142.475011
142.372000
141.982993
141.926009
141.511995
140.990000
138.612993
138.508000
138.008005
136.728005
136.336000
135.980000
135.735011
134.407007
133.989002
133.960000
133.780000
133.588000
133.132000
132.290998
131.037007
130.888000
130.877007
130.480000
130.200998
129.888005
129.688000
129.136000
129.100000
128.848000
127.877007
127.720000
126.883991
123.760000
123.592993
123.175011
122.909002
121.756000
121.681995
119.909002
119.465011
119.072993
119.072993
118.237007
118.132993
117.772000
116.800000
115.730000
115.207007
114.580000
114.256000
113.849002
113.326009
112.333991
110.631995
110.512000
110.161995
110.139002
110.060998
110.005011
109.903991
109.539002
109.433991
108.780998
107.440000
106.587007
105.307007
103.891995
101.200000
99.832000
99.037007
98.592993
98.272000
98.070998
96.712993
94.440000
94.361995
94.257007
94.152993
93.520000
93.133991
92.115011
91.149002
91.043991
90.912993
90.626009
90.130000
87.570000
87.412993
87.100000
85.820000
85.558005
85.140000
84.069002
83.236000
82.528005
82.423991
82.110000
81.875011
81.405011
81.379002
81.196009
80.830000
77.587007
77.539002
75.688000
74.535011
74.272993
74.056000
73.568005
73.176009
72.340000
71.635011
71.582993
70.878005
68.135011
65.575011
65.496009
64.480000
62.872000
62.697007
62.179002
61.735011
59.801995
59.776009
59.540000
59.540000
58.991995
57.320000
55.700000
55.518005
54.995011
54.525011
54.238005
53.585011
53.349002
52.251995
52.173991
51.232993
50.868005
48.229002
48.047007
46.505011
41.750998
35.481995
35.350998
27.252993
20.173991
